-0.0244168 0.0237405 -0.000914824 -0.0104454 0.000211432 0.013309 0.999857
-0.0123776 0.0391616 0.0127601 -0.0104817 0.000244141 0.0133017 0.999857
-0.00919397 0.0229992 0.000168738 -0.0104125 0.000244141 0.0132501 0.999858
0.00843464 0.0206383 -0.00865224 -0.0104582 0.000211432 0.0133034 0.999857
0.0113241 0.0269713 -0.015159 -0.0104682 0.000211432 0.0132776 0.999857
0.00845114 0.0253546 -0.00696036 -0.01052 0.000211432 0.0132956 0.999856
0.00969612 0.0233983 0.00118054 -0.0104597 0.000211432 0.0132956 0.999857
0.0134504 0.0213459 0.0056744 -0.0104525 0.000244141 0.0132928 0.999857
0.0121033 0.0200766 0.00735092 -0.0104511 0.000211432 0.0132967 0.999857
0.00871584 0.0114418 0.0043748 -0.0104518 0.000211432 0.0132911 0.999857
0.00943017 0.0109985 0.00684703 -0.0104304 0.000244141 0.0132838 0.999857
0.00775369 0.012359 0.00547813 -0.0104547 0.000211432 0.0133012 0.999857
0.00593455 0.0111744 0.00768027 -0.0104433 0.000211432 0.0133079 0.999857
0.00533479 0.0122554 0.0107483 -0.0104461 0.000244141 0.0132961 0.999857
0.00691863 0.0101486 0.0125749 -0.0104183 0.000211432 0.0132889 0.999857
0.00826558 0.00997679 0.0159618 -0.0104297 0.000211432 0.0132989 0.999857
0.0111387 0.0124983 0.0123253 -0.0104632 0.000211432 0.0132956 0.999857
0.00779555 0.0143776 0.0132617 -0.010444 0.000244141 0.0132961 0.999857
0.00683763 0.0118025 0.0119986 -0.0104354 0.000211432 0.0132922 0.999857
0.00753881 0.0113826 0.0120519 -0.0104454 0.000211432 0.0132788 0.999857
0.00597922 0.0106581 0.00974489 -0.0104604 0.000211432 0.0132877 0.999857
0.0106857 0.0127547 0.0194289 -0.0104803 0.000244141 0.0132816 0.999857
0.0112913 0.0129648 0.017254 -0.0104831 0.000211432 0.0132832 0.999857
0.0104516 0.0120772 0.0154858 -0.0104632 0.000211432 0.0132799 0.999857
0.00707823 0.0199102 0.0281844 -0.010498 0.000244141 0.0133208 0.999856
0.00828197 0.0176455 0.021917 -0.0104668 0.000244141 0.0132849 0.999857
0.00830362 0.0156349 0.0129898 -0.010486 0.000211432 0.013318 0.999856
0.00849335 0.0264661 0.0102865 -0.0104924 0.000211432 0.0132945 0.999857
0.00114278 0.021083 0.00544622 -0.010481 0.000211432 0.0133068 0.999856
-0.00417433 0.0264935 0.00325439 -0.010525 0.000211432 0.0133135 0.999856
-0.00461801 0.0168425 -0.00317305 -0.0104824 0.000211432 0.0133001 0.999857
-0.000997026 0.0151409 -0.0280314 -0.0104746 0.000211432 0.0132889 0.999857
-0.00168767 0.0132548 -0.0211468 -0.0104831 0.000211432 0.0133012 0.999857
0.00287037 0.0142164 -0.0159761 -0.010486 0.000211432 0.013309 0.999856
0.00288245 0.00781063 -0.0161046 -0.0105094 0.000211432 0.0133146 0.999856
0.00292833 0.00909559 -0.0376913 -0.0105221 0.000172633 0.0133107 0.999856
0.00296572 0.0100019 -0.0454329 -0.0105221 0.000172633 0.0133107 0.999856
0.00299635 0.0107422 -0.0516271 -0.0105221 0.000172633 0.0133107 0.999856
0.00302146 0.0113488 -0.0567003 -0.0105221 0.000172633 0.0133107 0.999856
0.00304203 0.0118459 -0.0608573 -0.0105221 0.000172633 0.0133107 0.999856
0.00305888 0.0122531 -0.0642635 -0.0105221 0.000172633 0.0133107 0.999856
0.00307269 0.0125869 -0.0670545 -0.0105221 0.000172633 0.0133107 0.999856
0.00308401 0.0128603 -0.0693415 -0.0105221 0.000172633 0.0133107 0.999856
0.00309328 0.0130844 -0.0712155 -0.0105221 0.000172633 0.0133107 0.999856
0.00310088 0.013268 -0.072751 -0.0105221 0.000172633 0.0133107 0.999856
0.00310711 0.0134184 -0.0740092 -0.0105221 0.000172633 0.0133107 0.999856
0.00311221 0.0135417 -0.0750401 -0.0105221 0.000172633 0.0133107 0.999856
0.00311639 0.0136427 -0.0758849 -0.0105221 0.000172633 0.0133107 0.999856
0.00311981 0.0137255 -0.0765771 -0.0105221 0.000172633 0.0133107 0.999856
0.00312262 0.0137933 -0.0771443 -0.0105221 0.000172633 0.0133107 0.999856
0.00312492 0.0138489 -0.0776091 -0.0105221 0.000172633 0.0133107 0.999856
-0.00989585 0.0150009 -0.0563098 -0.0104924 0.000244141 0.013342 0.999856
0.000655622 0.0172201 -0.0471711 -0.0105314 0.000211432 0.0133068 0.999856
-0.00235331 0.0156435 -0.0413948 -0.0105405 0.000211432 0.0133202 0.999856
-0.00431292 0.0140794 -0.035567 -0.0105257 0.000211432 0.0133113 0.999856
-0.00383274 0.0179402 -0.0279384 -0.0105427 0.000244141 0.0133174 0.999856
-0.00176768 0.0126862 -0.0243751 -0.01052 0.000211432 0.0133135 0.999856
0.0021873 0.0150386 -0.0226827 -0.0105448 0.000272958 0.0133135 0.999856
0.00077682 0.0126711 -0.0230175 -0.0105151 0.000211432 0.0133034 0.999856
-5.64648e-05 0.0126693 -0.0222866 -0.0105398 0.000272958 0.0133415 0.999855
-1.88612e-05 0.0143901 -0.0196739 -0.0105427 0.000244141 0.0133219 0.999856
-0.00442335 0.0134195 -0.031549 -0.0105363 0.000211432 0.0133146 0.999856
-0.00682863 0.0137948 -0.0285627 -0.0105314 0.000211432 0.013328 0.999856
-0.00656869 0.0138509 -0.0240244 -0.0105172 0.000211432 0.0133057 0.999856
-0.0174166 0.0138413 -0.0257606 -0.01052 0.000211432 0.0133135 0.999856
-0.0230268 0.0146042 -0.0237498 -0.010537 0.000244141 0.0133353 0.999856
-0.0189293 0.0152166 -0.0212904 -0.0105087 0.000211432 0.0132989 0.999856
-0.015287 0.0151032 -0.0199078 -0.010525 0.000211432 0.0133213 0.999856
-0.010379 0.0189909 -0.0181019 -0.0105427 0.000272958 0.0133258 0.999856
-0.00366778 0.0155901 -0.0184663 -0.0105271 0.000244141 0.0133141 0.999856
-0.00248246 0.0145473 -0.021008 -0.0105151 0.000211432 0.0133191 0.999856
0.00144248 0.0137013 -0.0197004 -0.01052 0.000211432 0.013318 0.999856
0.00177574 0.0154662 -0.0201079 -0.0105462 0.000272958 0.0133169 0.999856
-1.05518e-05 0.0125421 -0.0160003 -0.0105193 0.000211432 0.0133191 0.999856
-0.00261776 0.00871695 -0.0195955 -0.0105073 0.000211432 0.0133225 0.999856
-0.00222011 0.0146102 -0.0113709 -0.0105136 0.000172633 0.0133576 0.999856
-0.00458634 0.0122347 -0.0203313 -0.0105087 0.000172633 0.0133129 0.999856
-0.0133406 0.0100395 -0.020828 -0.0105087 0.000211432 0.0133057 0.999856
-0.0186148 0.00953357 -0.022764 -0.0105179 0.000211432 0.0132933 0.999856
-0.0156942 0.00972356 -0.0204391 -0.0105151 0.000211432 0.0133124 0.999856
-0.00999184 0.0117352 -0.0183518 -0.0105115 0.000244141 0.013304 0.999856
-0.00991121 0.0111686 -0.0206476 -0.0105108 0.000211432 0.013318 0.999856
-0.00675998 0.0115505 -0.024989 -0.0105257 0.000211432 0.0133135 0.999856
-0.00705801 0.0109102 -0.0219201 -0.0105342 0.000244141 0.0133219 0.999856
-0.00290769 0.0142174 -0.0196717 -0.01052 0.000244141 0.0133141 0.999856
-0.00436497 0.0135025 -0.0247362 -0.0105257 0.000211432 0.0133169 0.999856
-0.00325112 0.0122796 -0.0276702 -0.0105321 0.000211432 0.0133124 0.999856
-0.00403983 0.0100654 -0.0290498 -0.0105094 0.000211432 0.0133057 0.999856
-0.00112166 0.0132997 -0.0242134 -0.0105207 0.000211432 0.0133079 0.999856
-0.000444928 0.0135194 -0.0218202 -0.0105257 0.000211432 0.0133202 0.999856
-0.000489974 0.0129356 -0.0219974 -0.0105108 0.000211432 0.0133045 0.999856
-0.00145311 0.0117399 -0.0262757 -0.01052 0.000211432 0.0133146 0.999856
-0.00087205 0.0157372 -0.0257094 -0.0105165 0.000211432 0.013309 0.999856
-0.000278669 0.0206177 -0.023638 -0.0105321 0.000211432 0.0133023 0.999856
0.00463984 0.0217265 -0.0206689 -0.0105314 0.000244141 0.0133185 0.999856
0.00497638 0.0210824 -0.0218694 -0.0105335 0.000211432 0.0133045 0.999856
0.00825164 0.0185358 -0.0212215 -0.0105144 0.000244141 0.0132984 0.999856
0.00770266 0.0196833 -0.0219028 -0.0105377 0.000244141 0.0133118 0.999856
0.00701314 0.0190028 -0.0209796 -0.0105122 0.000211432 0.0132978 0.999856
0.00540409 0.0189767 -0.0249522 -0.0105207 0.000244141 0.0133163 0.999856
0.00329386 0.0159368 -0.0262133 -0.0105129 0.000211432 0.0133001 0.999856
-0.000997711 0.0178111 -0.0274839 -0.0105377 0.000211432 0.0133079 0.999856
0.00198068 0.0214249 -0.0260075 -0.0105441 0.000244141 0.0133197 0.999856
0.00644822 0.0247669 -0.0173538 -0.0105603 0.000244141 0.0133286 0.999855
0.0129213 0.0280572 -0.0170343 -0.0105434 0.000211432 0.0133079 0.999856
0.011649 0.0255214 -0.0192013 -0.0105271 0.000244141 0.0133107 0.999856
0.00618574 0.0208155 -0.0197629 -0.0105186 0.000211432 0.0133045 0.999856
0.00541114 0.0179416 -0.0213101 -0.0105264 0.000211432 0.0133325 0.999856
0.00933572 0.0212484 -0.0139611 -0.0105462 0.000211432 0.0132933 0.999856
0.0129021 0.0259329 -0.0125989 -0.0105596 0.000244141 0.0133219 0.999855
0.00851116 0.0226874 -0.0175408 -0.010525 0.000211432 0.0133079 0.999856
0.0097905 0.0205221 -0.0187225 -0.0105179 0.000244141 0.0132961 0.999856
0.00705861 0.0172915 -0.0225446 -0.0105243 0.000211432 0.0133001 0.999856
0.0048039 0.0151593 -0.0287745 -0.0105257 0.000211432 0.013328 0.999856
0.00785476 0.0172615 -0.0288029 -0.0105292 0.000244141 0.0133163 0.999856
0.00960578 0.0211017 -0.0208162 -0.0105603 0.000244141 0.0133118 0.999856
0.00692739 0.0199672 -0.0251897 -0.01052 0.000211432 0.0133023 0.999856
0.00624898 0.0174536 -0.0250862 -0.010525 0.000211432 0.0133057 0.999856
0.0102537 0.0220467 -0.0195562 -0.0105257 0.000211432 0.013309 0.999856
0.00490173 0.017704 -0.0247091 -0.0105165 0.000211432 0.0132956 0.999856
0.00547311 0.0190068 -0.026992 -0.010537 0.000211432 0.0133012 0.999856
0.0033247 0.0180162 -0.0292408 -0.0105321 0.000211432 0.0133146 0.999856
0.00998645 0.0266558 -0.0264427 -0.0105645 0.000244141 0.013304 0.999856
0.00956976 0.024364 -0.026434 -0.0105207 0.000211432 0.0132967 0.999856
0.00622954 0.0207321 -0.0286935 -0.0105292 0.000211432 0.0133023 0.999856
0.00277607 0.0171053 -0.0298069 -0.0105144 0.000211432 0.0133135 0.999856
0.0155219 0.0285037 -0.0226001 -0.0105801 0.000244141 0.0133342 0.999855
0.00970892 0.02355 -0.0239736 -0.0105236 0.000172633 0.0133051 0.999856
0.00810958 0.021148 -0.0271704 -0.0105264 0.000211432 0.0133146 0.999856
0.00989674 0.0249538 -0.0208452 -0.0105469 0.000244141 0.0133375 0.999855
0.0034435 0.0210142 -0.0259877 -0.0105321 0.000211432 0.0133236 0.999856
0.00199284 0.0182773 -0.0281971 -0.0105257 0.000211432 0.0133101 0.999856
0.00751527 0.0212945 -0.0260901 -0.0105469 0.000244141 0.0133152 0.999856
0.00362073 0.016587 -0.0289904 -0.0105122 0.000211432 0.0132978 0.999856
6.78526e-05 0.0208392 -0.0198373 -0.0105716 0.000211432 0.0133303 0.999855
0.000722617 0.0198434 -0.0215889 -0.0105427 0.000211432 0.0133124 0.999856
0.00352556 0.019367 -0.0225072 -0.0105236 0.000244141 0.0133051 0.999856
0.000622574 0.0173976 -0.0263783 -0.0105271 0.000211432 0.0133113 0.999856
0.000906564 0.0172194 -0.0252782 -0.0105285 0.000211432 0.0133236 0.999856
0.00469421 0.0216579 -0.0250106 -0.0105427 0.000211432 0.0133135 0.999856
0.00575075 0.0259399 -0.0260168 -0.0105554 0.000244141 0.0133152 0.999856
0.00347463 0.0226338 -0.0280691 -0.0105342 0.000211432 0.0133124 0.999856
-0.000225612 0.0252854 -0.0335862 -0.010554 0.000211432 0.0133303 0.999855
-0.00284831 0.0196268 -0.0373842 -0.0105363 0.000211432 0.0133169 0.999856
-0.00520633 0.0260659 -0.0402635 -0.0105653 0.000211432 0.0133236 0.999855
-0.00767662 0.0237845 -0.0424271 -0.0105384 0.000211432 0.0133202 0.999856
-0.0087113 0.0274995 -0.0422516 -0.0105568 0.000211432 0.0133101 0.999856
-0.00751881 0.0249403 -0.0422437 -0.0105533 0.000211432 0.013309 0.999856
-0.00564794 0.0209966 -0.0432675 -0.0105314 0.000211432 0.0132933 0.999856
-0.00893319 0.021711 -0.0464617 -0.0105221 0.000172633 0.013295 0.999856
-0.00924784 0.0219631 -0.0465443 -0.0105306 0.000211432 0.0133135 0.999856
-0.00485527 0.0210598 -0.0455655 -0.0105314 0.000211432 0.0133034 0.999856
-0.00306949 0.0214369 -0.0457148 -0.0105483 0.000244141 0.0133185 0.999856
0.00328339 0.0254129 -0.0476242 -0.0105363 0.000211432 0.0133012 0.999856
0.00613858 0.0247585 -0.0465215 -0.0105533 0.000211432 0.0133169 0.999856
0.00653443 0.0219142 -0.0452968 -0.0105285 0.000211432 0.0133146 0.999856
0.00803879 0.0262252 -0.0437927 -0.0105434 0.000211432 0.0133057 0.999856
0.00765323 0.026185 -0.0431766 -0.0105589 0.000211432 0.0133169 0.999856
0.00884367 0.0258621 -0.0414449 -0.0105483 0.000244141 0.0133129 0.999856
0.0106946 0.0278045 -0.041726 -0.0105596 0.000211432 0.0133191 0.999856
0.0120428 0.0283087 -0.042151 -0.010554 0.000211432 0.0133191 0.999856
0.0102677 0.0270645 -0.0410736 -0.0105462 0.000244141 0.0133118 0.999856
0.00908092 0.0264612 -0.0396748 -0.010549 0.000211432 0.0133247 0.999856
0.0183993 0.0261199 -0.0358862 -0.010554 0.000211432 0.0133101 0.999856
0.0179882 0.0251071 -0.0358846 -0.0105497 0.000244141 0.0133208 0.999856
0.0190627 0.0245435 -0.0364579 -0.0105589 0.000211432 0.0133135 0.999856
0.0184926 0.0272436 -0.0276472 -0.0105723 0.000244141 0.0133409 0.999855
0.0185907 0.0251897 -0.0295876 -0.0105476 0.000211432 0.0133045 0.999856
0.019492 0.0247005 -0.0328442 -0.0105504 0.000211432 0.0133001 0.999856
0.0191768 0.0249186 -0.0298696 -0.010554 0.000211432 0.0133236 0.999856
0.0140664 0.0209432 -0.0317262 -0.0105483 0.000244141 0.0133073 0.999856
0.0130921 0.0216711 -0.0314629 -0.0105483 0.000244141 0.0133085 0.999856
0.0114546 0.0205512 -0.0313521 -0.0105328 0.000211432 0.0133068 0.999856
0.0157796 0.0264329 -0.031045 -0.0105723 0.000272958 0.0133213 0.999855
0.0127689 0.0262429 -0.030193 -0.0105603 0.000211432 0.0133023 0.999856
0.01164 0.0265351 -0.0322346 -0.0105568 0.000244141 0.0133219 0.999856
0.010833 0.0261587 -0.0324746 -0.0105384 0.000244141 0.0133197 0.999856
0.010861 0.0276924 -0.030493 -0.010561 0.000211432 0.0133157 0.999856
0.0123415 0.0274957 -0.0287905 -0.0105582 0.000211432 0.013318 0.999856
0.0114426 0.0276165 -0.0267878 -0.0105497 0.000211432 0.0133202 0.999856
0.0148195 0.0269821 -0.0271591 -0.0105427 0.000244141 0.0133096 0.999856
0.0138954 0.0276353 -0.0270887 -0.0105412 0.000272958 0.0133359 0.999855
0.0148841 0.0286781 -0.0288343 -0.0105462 0.000244141 0.013332 0.999855
0.020305 0.0271921 -0.0294118 -0.0105427 0.000244141 0.0133264 0.999856
0.0124181 0.0226779 -0.0325033 -0.0105476 0.000211432 0.0133079 0.999856
0.00764304 0.0179874 -0.0353196 -0.0105314 0.000211432 0.0133169 0.999856
0.00646331 0.0172107 -0.0343923 -0.010537 0.000244141 0.013304 0.999856
0.00915009 0.0204583 -0.0321404 -0.0105554 0.000244141 0.0133241 0.999855
0.00408761 0.0192021 -0.0325489 -0.0105356 0.000211432 0.013309 0.999856
0.0013934 0.0189014 -0.0311201 -0.0105391 0.000211432 0.013309 0.999856
0.000401242 0.0176138 -0.0298491 -0.0105363 0.000211432 0.0133057 0.999856
-0.000443882 0.0154615 -0.0313921 -0.0105328 0.000244141 0.0133118 0.999856
0.000870797 0.020056 -0.0286012 -0.0105342 0.000211432 0.0133124 0.999856
-0.000557803 0.0190882 -0.0256871 -0.0105257 0.000211432 0.0133157 0.999856
0.00121165 0.0184764 -0.0240167 -0.010549 0.000211432 0.0133079 0.999856
0.00195421 0.0164279 -0.0235864 -0.0105257 0.000244141 0.0133174 0.999856
-0.00108298 0.0170915 -0.0252976 -0.0105526 0.000211432 0.0133269 0.999856
0.00039932 0.0155557 -0.0263444 -0.0105314 0.000244141 0.0133073 0.999856
-0.00102959 0.0126684 -0.0272468 -0.01052 0.000211432 0.0133068 0.999856
3.03551e-05 0.0125722 -0.0282988 -0.010537 0.000211432 0.013309 0.999856
-0.00184828 0.0101888 -0.030668 -0.0105264 0.000211432 0.0132989 0.999856
-0.00378114 0.0102149 -0.0312169 -0.0105462 0.000244141 0.0133141 0.999856
-0.00228835 0.0115637 -0.0319902 -0.010542 0.000211432 0.0133146 0.999856
-0.00256957 0.0115089 -0.0324026 -0.0105285 0.000211432 0.0132989 0.999856
0.00423643 0.00864151 -0.0317698 -0.0105314 0.000211432 0.0133012 0.999856
0.00317555 0.00782403 -0.0335056 -0.0105363 0.000211432 0.0133034 0.999856
0.00178305 0.0103928 -0.0340974 -0.0105328 0.000244141 0.0133197 0.999856
0.00363429 0.0137775 -0.0322609 -0.0105391 0.000211432 0.0133269 0.999856
0.0026793 0.0146089 -0.0318437 -0.0105285 0.000211432 0.0133124 0.999856
0.00240242 0.016965 -0.0315449 -0.010537 0.000211432 0.0133124 0.999856
0.000335169 0.0182455 -0.0310472 -0.0105405 0.000244141 0.0133141 0.999856
0.00239088 0.0175813 -0.0280606 -0.0105221 0.000211432 0.013309 0.999856
0.00549691 0.0172781 -0.0222975 -0.0105214 0.000244141 0.0133364 0.999856
0.0107506 0.0200276 -0.0221053 -0.0105511 0.000211432 0.0133124 0.999856
0.00796093 0.0181415 -0.0229985 -0.0105328 0.000244141 0.0133241 0.999856
0.00965984 0.0162579 -0.0264069 -0.0105363 0.000211432 0.013318 0.999856
0.00737294 0.0146873 -0.0302709 -0.0105165 0.000211432 0.013318 0.999856
-0.00167829 0.0110518 -0.0277919 -0.0105207 0.000211432 0.0133392 0.999856
-0.00185809 0.0160975 -0.0241576 -0.0105349 0.000244141 0.013323 0.999856
0.0013018 0.0184925 -0.022068 -0.0105229 0.000211432 0.0133325 0.999856
0.00760867 0.0184103 -0.0229112 -0.0105151 0.000244141 0.0133185 0.999856
0.0067602 0.023254 -0.0193094 -0.0105434 0.000244141 0.013342 0.999855
0.00859072 0.0230045 -0.0185584 -0.0105321 0.000244141 0.0133208 0.999856
0.00553023 0.0220089 -0.019926 -0.0105264 0.000211432 0.0133124 0.999856
0.00810124 0.0260654 -0.0059319 -0.0105469 0.000244141 0.0133509 0.999855
0.00396586 0.0235939 -0.0109597 -0.0105257 0.000244141 0.0133185 0.999856
0.00265796 0.019863 -0.0198851 -0.0105214 0.000244141 0.0133107 0.999856
0.00126593 0.0217527 -0.0230316 -0.0105165 0.000244141 0.0133062 0.999856
-0.000547387 0.0221356 -0.023979 -0.0105257 0.000211432 0.0133325 0.999856
-0.00237796 0.0186305 -0.0293781 -0.0105158 0.000244141 0.0133051 0.999856
-0.00318623 0.017953 -0.0307458 -0.01052 0.000244141 0.0133264 0.999856
-0.00935103 0.0158151 -0.0284202 -0.0105391 0.000272958 0.0133426 0.999855
-0.00632496 0.0198531 -0.0239382 -0.0105377 0.000244141 0.0133118 0.999856
0.00774721 0.0240951 -0.0209886 -0.0105377 0.000244141 0.0133454 0.999855
0.00322782 0.0230954 -0.0254152 -0.0105243 0.000244141 0.0133152 0.999856
0.00407082 0.0197975 -0.0307173 -0.0105087 0.000244141 0.0133185 0.999856
0.000858282 0.0179987 -0.0331498 -0.0105136 0.000211432 0.0133101 0.999856
-0.00236213 0.0194306 -0.0354419 -0.0105306 0.000211432 0.0133359 0.999856
-0.00323643 0.0194264 -0.0333368 -0.0105229 0.000211432 0.0133303 0.999856
-2.70346e-05 0.0206291 -0.0324504 -0.0105321 0.000244141 0.0133342 0.999856
-0.00053516 0.0196289 -0.0348927 -0.0105271 0.000244141 0.0133141 0.999856
0.0153591 0.0198518 -0.0392171 -0.0104945 0.000272958 0.0133146 0.999856
0.0117329 0.0180626 -0.0294763 -0.0105314 0.000244141 0.0133208 0.999856
0.00816088 0.0179199 -0.0325433 -0.0105236 0.000211432 0.0133247 0.999856
0.0282864 0.0179389 -0.024827 -0.0105391 0.000272958 0.0132967 0.999856
0.0186995 0.0143799 -0.0282719 -0.010503 0.000211432 0.0133079 0.999856
0.0147824 0.0138055 -0.0303915 -0.0105207 0.000211432 0.0133247 0.999856
0.010402 0.0151857 -0.032104 -0.010537 0.000244141 0.0133342 0.999856
0.00542921 0.0138176 -0.0323577 -0.0105207 0.000211432 0.0133236 0.999856
0.00506637 0.0147286 -0.0324521 -0.0105264 0.000244141 0.0133252 0.999856
0.00866221 0.0161606 -0.032875 -0.0105314 0.000244141 0.0133118 0.999856
0.00496013 0.0162919 -0.0323434 -0.0105335 0.000244141 0.0133286 0.999856
0.00243353 0.0181644 -0.0351571 -0.0105328 0.000244141 0.0133118 0.999856
0.000598094 0.018013 -0.0344359 -0.0105363 0.000244141 0.0133353 0.999856
0.000593138 0.0164171 -0.0361511 -0.0105236 0.000244141 0.0133185 0.999856
0.00246957 0.017151 -0.035741 -0.0105186 0.000244141 0.0133241 0.999856
0.00191873 0.0157569 -0.0394764 -0.01052 0.000244141 0.0133118 0.999856
0.0017177 0.014658 -0.039065 -0.0105151 0.000244141 0.0133029 0.999856
0.000820377 0.0147292 -0.0387593 -0.0105328 0.000244141 0.0133297 0.999856
0.000551714 0.0149504 -0.0381423 -0.0105321 0.000211432 0.0133191 0.999856
0.00268018 0.0145805 -0.0405632 -0.0105377 0.000244141 0.0133096 0.999856
0.00264083 0.0136144 -0.0407845 -0.0105236 0.000244141 0.0133118 0.999856
0.00101797 0.0145701 -0.034973 -0.0105221 0.000244141 0.0133152 0.999856
0.00521802 0.019057 -0.0347143 -0.010566 0.00029901 0.0133342 0.999855
0.00443776 0.0178225 -0.034871 -0.0105193 0.000211432 0.0133057 0.999856
0.00400151 0.0175508 -0.0323572 -0.0105278 0.000244141 0.0133197 0.999856
0.00276418 0.0147971 -0.0363471 -0.0105207 0.000244141 0.013304 0.999856
0.00218766 0.0131992 -0.0380765 -0.010525 0.000211432 0.0133034 0.999856
0.00179937 0.0161911 -0.0359742 -0.0105292 0.000244141 0.0133118 0.999856
0.00158258 0.0148159 -0.0361995 -0.0105292 0.000211432 0.0133247 0.999856
0.0073149 0.0161793 -0.0297408 -0.0105229 0.000244141 0.0133353 0.999856
0.00566307 0.0159802 -0.0313039 -0.0105158 0.000244141 0.0133107 0.999856
0.00527711 0.0169311 -0.0333074 -0.0105264 0.000211432 0.0133034 0.999856
0.0192422 0.0186819 -0.0333327 -0.010542 0.000322968 0.0133381 0.999855
0.01502 0.0188102 -0.0340345 -0.0105292 0.000211432 0.0133157 0.999856
0.0125416 0.0189594 -0.0355348 -0.010525 0.000211432 0.0133057 0.999856
0.0206173 0.021364 -0.0365021 -0.0105568 0.000244141 0.0133174 0.999856
0.0140665 0.0174762 -0.0399028 -0.0105136 0.000211432 0.013309 0.999856
0.0113165 0.0183897 -0.0399938 -0.0105384 0.000244141 0.0133107 0.999856
0.0124385 0.0177768 -0.0401323 -0.0105285 0.000211432 0.0133034 0.999856
0.0120987 0.0178304 -0.0387352 -0.0105384 0.000244141 0.0133364 0.999856
0.0127049 0.0169294 -0.0328513 -0.0105278 0.000244141 0.0133062 0.999856
0.011274 0.0159892 -0.035229 -0.0105158 0.000244141 0.0133006 0.999856
0.010714 0.0162275 -0.0365017 -0.0105321 0.000244141 0.0133017 0.999856
0.00738189 0.0163697 -0.0365434 -0.0105257 0.000211432 0.0132978 0.999856
0.00560717 0.0156598 -0.0376104 -0.0105299 0.000211432 0.0133045 0.999856
0.0054392 0.0152818 -0.0380744 -0.0105342 0.000211432 0.0133124 0.999856
0.00464559 0.013823 -0.0394339 -0.0105129 0.000244141 0.0133062 0.999856
0.00690213 0.0157679 -0.0402522 -0.0105547 0.000244141 0.0133163 0.999856
0.00586527 0.015685 -0.040424 -0.0105264 0.000211432 0.0133113 0.999856
0.00523347 0.0153875 -0.0402816 -0.0105264 0.000211432 0.0133336 0.999856
0.00753645 0.0170213 -0.0357868 -0.0105314 0.000211432 0.0133012 0.999856
0.00858744 0.017449 -0.0357182 -0.010537 0.000211432 0.013328 0.999856
0.0063173 0.0160979 -0.0380418 -0.0105314 0.000211432 0.0132945 0.999856
0.00696085 0.014944 -0.0386835 -0.0105314 0.000244141 0.0132939 0.999856
0.00790271 0.0220765 -0.0349716 -0.0105462 0.000272958 0.0133258 0.999856
0.00668333 0.0226058 -0.0344123 -0.0105497 0.000211432 0.0133202 0.999856
0.00569478 0.020349 -0.0360877 -0.0105229 0.000211432 0.0133012 0.999856
0.0069037 0.0217548 -0.0327469 -0.0105617 0.000272958 0.0133292 0.999855
0.00849119 0.0212114 -0.0329476 -0.0105497 0.000244141 0.0133409 0.999855
0.00930959 0.022298 -0.0313732 -0.0105476 0.000244141 0.0133174 0.999856
0.00633199 0.0217824 -0.0333697 -0.010537 0.000211432 0.0133258 0.999856
0.00579079 0.0202302 -0.0354674 -0.0105356 0.000211432 0.0133001 0.999856
0.00345587 0.032494 -0.0280289 -0.0105822 0.000244141 0.0133922 0.999854
0.00391599 0.0270052 -0.0301765 -0.0105328 0.000244141 0.0133017 0.999856
0.00391174 0.0250963 -0.0322319 -0.0105349 0.000244141 0.0133029 0.999856
0.0058922 0.0225833 -0.0340099 -0.0105236 0.000244141 0.0133051 0.999856
0.00468665 0.0206085 -0.0363189 -0.0105229 0.000211432 0.0132989 0.999856
0.00381772 0.0196135 -0.0377658 -0.0105328 0.000244141 0.0133006 0.999856
0.00291268 0.0200846 -0.0382115 -0.0105462 0.000244141 0.0133163 0.999856
0.00617106 0.0195688 -0.0352547 -0.0105321 0.000244141 0.0132984 0.999856
0.00529274 0.0193745 -0.0366202 -0.010537 0.000244141 0.0132995 0.999856
0.00512745 0.0193877 -0.0368746 -0.0105391 0.000211432 0.0133045 0.999856
0.00458117 0.0186395 -0.0382975 -0.0105384 0.000244141 0.0133051 0.999856
0.00760554 0.0177687 -0.0386538 -0.0105321 0.000211432 0.0132989 0.999856
0.00949101 0.0191103 -0.0383341 -0.0105434 0.000211432 0.0132945 0.999856
0.00927421 0.0218542 -0.032418 -0.010561 0.000244141 0.0133163 0.999856
0.00856199 0.0202689 -0.0344598 -0.0105476 0.000172633 0.0132905 0.999856
0.00858885 0.0203107 -0.0339354 -0.0105306 0.000211432 0.0132989 0.999856
0.0115689 0.019385 -0.0343837 -0.0105328 0.000244141 0.0132928 0.999856
0.00998191 0.0184287 -0.036286 -0.0105377 0.000244141 0.013295 0.999856
0.00732977 0.0169819 -0.0375541 -0.0105278 0.000211432 0.013309 0.999856
0.00665503 0.016255 -0.0395349 -0.010537 0.000211432 0.0133012 0.999856
0.00697871 0.0168592 -0.0384761 -0.0105391 0.000244141 0.0133107 0.999856
0.0114317 0.0208084 -0.0335942 -0.0105561 0.000272958 0.0133101 0.999856
0.00981113 0.0203525 -0.0353597 -0.0105321 0.000211432 0.0132978 0.999856
0.00889387 0.0212252 -0.0350865 -0.0105427 0.000211432 0.0133057 0.999856
0.00809285 0.0191736 -0.0356964 -0.0105377 0.000211432 0.0132967 0.999856
0.00668546 0.0181091 -0.0374606 -0.0105384 0.000244141 0.0133029 0.999856
0.00516463 0.0194357 -0.0372764 -0.0105511 0.000211432 0.0133169 0.999856
0.00631864 0.0194122 -0.0377467 -0.0105314 0.000211432 0.0133079 0.999856
0.00494492 0.0234595 -0.0364187 -0.010549 0.000211432 0.0133157 0.999856
0.0054604 0.0228207 -0.0365762 -0.0105321 0.000244141 0.0132939 0.999856
0.0103519 0.0229704 -0.0351793 -0.0105547 0.000272958 0.0133079 0.999856
0.00836246 0.0212051 -0.0379985 -0.0105377 0.000211432 0.0133023 0.999856
0.00840015 0.0215859 -0.0396054 -0.010537 0.000244141 0.0133029 0.999856
0.00925014 0.0230256 -0.0378422 -0.0105518 0.000244141 0.013323 0.999856
0.00860592 0.0214503 -0.0382107 -0.0105321 0.000244141 0.0132973 0.999856
0.00839232 0.0205899 -0.0377676 -0.0105398 0.000244141 0.0132995 0.999856
0.00780571 0.0178458 -0.0401194 -0.0105342 0.000244141 0.013295 0.999856
0.00987125 0.0173653 -0.0381987 -0.0105434 0.000244141 0.0133308 0.999856
0.00683939 0.0223362 -0.036163 -0.010561 0.000272958 0.0133437 0.999855
0.0116106 0.0216215 -0.0360586 -0.0105455 0.000211432 0.0133079 0.999856
0.0118381 0.0200168 -0.0381717 -0.010537 0.000244141 0.0132961 0.999856
0.0100895 0.0225896 -0.0351512 -0.0105455 0.000244141 0.0133308 0.999856
0.00913268 0.021263 -0.0377037 -0.0105483 0.000244141 0.0133118 0.999856
0.00802049 0.0198391 -0.0353663 -0.0105483 0.000244141 0.0133174 0.999856
0.00843216 0.0195176 -0.0379915 -0.010554 0.000244141 0.0132995 0.999856
0.00721314 0.0177203 -0.041067 -0.0105342 0.000211432 0.0132945 0.999856
0.0101462 0.019341 -0.0410568 -0.0105483 0.000211432 0.0132989 0.999856
0.00827162 0.0194107 -0.0391739 -0.0105554 0.000244141 0.0133096 0.999856
0.0111815 0.0255792 -0.0241284 -0.0105829 0.000244141 0.0133264 0.999855
0.0110769 0.0254239 -0.02779 -0.0105533 0.000244141 0.0133129 0.999856
0.00985435 0.0215129 -0.0328008 -0.0105469 0.000172633 0.0133006 0.999856
0.00970204 0.0243617 -0.0310542 -0.010566 0.000244141 0.0133197 0.999855
0.00695755 0.0229034 -0.0347288 -0.0105377 0.000211432 0.0133057 0.999856
0.00697697 0.0225944 -0.0353917 -0.0105441 0.000244141 0.0133297 0.999856
0.00683584 0.022198 -0.035377 -0.0105427 0.000211432 0.0133135 0.999856
0.0086221 0.0210273 -0.0361021 -0.0105434 0.000244141 0.0133197 0.999856
0.00770307 0.0193692 -0.0389856 -0.0105377 0.000211432 0.0132945 0.999856
0.0062908 0.0184975 -0.041185 -0.0105314 0.000244141 0.0132939 0.999856
0.0063836 0.0194265 -0.0403394 -0.0105434 0.000244141 0.0133286 0.999856
0.00371832 0.0187416 -0.0418107 -0.0105441 0.000244141 0.0133275 0.999856
0.00373049 0.0188469 -0.041258 -0.0105384 0.000211432 0.0132978 0.999856
0.00387504 0.0200325 -0.0411513 -0.0105448 0.000211432 0.013309 0.999856
0.00432037 0.019569 -0.0429535 -0.010542 0.000211432 0.013309 0.999856
0.00501985 0.021283 -0.0381471 -0.010561 0.000244141 0.0133375 0.999855
0.00370857 0.0210136 -0.0392679 -0.0105321 0.000211432 0.0132989 0.999856
0.00289253 0.022439 -0.0353621 -0.0105561 0.000244141 0.0133509 0.999855
0.00804171 0.0235283 -0.0299478 -0.0105603 0.000244141 0.0133219 0.999855
0.00569012 0.0224586 -0.0332386 -0.0105476 0.000211432 0.0133169 0.999856
0.0034726 0.021248 -0.0361761 -0.0105434 0.000244141 0.0133174 0.999856
0.0015651 0.0217649 -0.0388256 -0.0105363 0.000211432 0.0133034 0.999856
0.000989413 0.0217215 -0.0405472 -0.0105518 0.000244141 0.0133342 0.999855
-0.000261604 0.0201403 -0.043825 -0.0105462 0.000244141 0.0133498 0.999855
0.000436478 0.0204722 -0.0438811 -0.0105526 0.000244141 0.013342 0.999855
-1.94374e-05 0.0206311 -0.0443353 -0.0105547 0.000244141 0.0133062 0.999856
-0.00181505 0.0200259 -0.0471567 -0.0105518 0.000244141 0.0133275 0.999856
7.79697e-06 0.019747 -0.0454772 -0.0105568 0.000244141 0.013304 0.999856
0.00239509 0.0263721 -0.0331781 -0.0105667 0.000272958 0.0133381 0.999855
0.000881594 0.0226367 -0.0384972 -0.0105455 0.000211432 0.0133348 0.999855
0.000238531 0.0228562 -0.0394541 -0.0105603 0.000244141 0.0133308 0.999855
0.0014268 0.0237536 -0.0323299 -0.0105653 0.000244141 0.0133487 0.999855
0.00333687 0.0226356 -0.0361271 -0.0105674 0.00029901 0.0133431 0.999855
0.00738203 0.0258944 -0.0227088 -0.0105688 0.000272958 0.0133705 0.999855
0.00433009 0.0256091 -0.0258841 -0.0105582 0.000244141 0.0133375 0.999855
0.00493612 0.0276649 -0.0299692 -0.0105681 0.000244141 0.0133353 0.999855
0.0042878 0.0261359 -0.0326676 -0.010549 0.000244141 0.0133398 0.999855
0.00552015 0.0266514 -0.033196 -0.0105779 0.00029901 0.0133264 0.999855
0.00830765 0.028109 -0.0340188 -0.0105983 0.000272958 0.0133593 0.999855
0.0073491 0.0278565 -0.0328414 -0.0105786 0.000244141 0.0133554 0.999855
0.00329609 0.0255536 -0.0391974 -0.0105497 0.000244141 0.0133498 0.999855
0.000181185 0.024337 -0.0477645 -0.0105582 0.000211432 0.0133671 0.999855
-0.00395868 0.0204412 -0.0494206 -0.0105631 0.000244141 0.0133498 0.999855
-0.00036169 0.0204102 -0.0478733 -0.0105575 0.000244141 0.0133275 0.999855
0.00283517 0.0235076 -0.0436456 -0.0105547 0.000211432 0.0133213 0.999856
0.00263945 0.0227452 -0.0438153 -0.0105603 0.000244141 0.0133174 0.999856
0.00641544 0.0252497 -0.0400164 -0.010566 0.000272958 0.0133169 0.999855
0.00643951 0.0240375 -0.044137 -0.0105483 0.000244141 0.0133118 0.999856
0.00624758 0.0228626 -0.0454687 -0.0105483 0.000244141 0.0133208 0.999856
0.00487049 0.0255026 -0.0429351 -0.0105913 0.000244141 0.0133543 0.999855
0.0040689 0.0233595 -0.0443363 -0.0105624 0.000244141 0.0133219 0.999855
0.0042393 0.0255635 -0.0442122 -0.0105674 0.000211432 0.013309 0.999856
-0.0016974 0.025065 -0.0482878 -0.0105793 0.000244141 0.0133532 0.999855
-0.00110002 0.024123 -0.0497454 -0.010554 0.000244141 0.0133141 0.999856
0.00329631 0.021896 -0.0477799 -0.0105723 0.00029901 0.0133621 0.999855
0.00129878 0.0211143 -0.0526671 -0.010566 0.000244141 0.0133297 0.999855
-0.00299131 0.0266278 -0.0448115 -0.0105779 0.000244141 0.013332 0.999855
-0.00209205 0.0224399 -0.0490106 -0.0105455 0.000211432 0.0133258 0.999856
-0.00536272 0.0199586 -0.0492162 -0.0105497 0.000244141 0.0133107 0.999856
-0.00473644 0.0188744 -0.0524473 -0.010566 0.000244141 0.0133252 0.999855
-0.00538299 0.0193417 -0.0505739 -0.0105801 0.000244141 0.0133252 0.999855
-0.00446021 0.0215901 -0.0479127 -0.0105836 0.000244141 0.0133387 0.999855
-0.00979949 0.0227125 -0.0497784 -0.0105688 0.000244141 0.0133342 0.999855
-0.00318135 0.0242433 -0.0489584 -0.0106145 0.000272958 0.0133582 0.999854
-0.00242819 0.0240315 -0.048524 -0.0105674 0.000272958 0.0133157 0.999855
-0.0047353 0.025376 -0.0499361 -0.0105998 0.000244141 0.0133632 0.999855
0.00436027 0.0255319 -0.0502247 -0.0105836 0.000244141 0.0133375 0.999855
0.00311685 0.0246991 -0.0499547 -0.0105779 0.000244141 0.0133409 0.999855
-0.00396659 0.0234729 -0.0531011 -0.010573 0.000272958 0.0133582 0.999855
0.00130836 0.0260363 -0.0475472 -0.0105934 0.000244141 0.0133431 0.999855
-0.0017964 0.0266993 -0.0551366 -0.0105829 0.000244141 0.0133476 0.999855
0.0100549 0.0263326 -0.0471395 -0.0106005 0.000244141 0.0133152 0.999855
0.0102177 0.0252225 -0.0503595 -0.0105653 0.000272958 0.0133124 0.999856
0.00524637 0.0156433 -0.05799 -0.0105603 0.000244141 0.013381 0.999855
0.00254183 0.0170444 -0.0635705 -0.0105955 0.000244141 0.0134044 0.999854
-0.00353337 0.0156301 -0.06348 -0.0105723 0.000244141 0.0133744 0.999855
-0.00703497 0.0131858 -0.0703414 -0.0105744 0.000272958 0.0133615 0.999855
-0.0105199 0.016384 -0.0659981 -0.0105822 0.000211432 0.0133548 0.999855
-0.0138218 0.0137731 -0.0669256 -0.0105596 0.000244141 0.0133844 0.999855
-0.00360869 0.0102165 -0.0681733 -0.0105751 0.000272958 0.0133314 0.999855
-0.00112262 0.0107108 -0.0668736 -0.0105751 0.000244141 0.0133375 0.999855
-0.00316757 0.0109029 -0.0614444 -0.0105631 0.000211432 0.0133202 0.999855
-0.00394069 0.0125685 -0.0673277 -0.0105681 0.000272958 0.0133593 0.999855
0.00312474 0.0222798 -0.061808 -0.010618 0.00029901 0.0133431 0.999855
-0.0066151 0.0197242 -0.0577341 -0.0105653 0.000244141 0.0133699 0.999855
-0.00651855 0.0228676 -0.0579135 -0.0105941 0.000244141 0.0133588 0.999855
-0.0114527 0.0180745 -0.0607822 -0.0105547 0.000211432 0.0133526 0.999855
-0.00791385 0.0154332 -0.0601562 -0.0105667 0.000272958 0.0133202 0.999855
-0.00925341 0.0166447 -0.060835 -0.0105547 0.000244141 0.0133017 0.999856
-0.00550106 0.0177204 -0.057219 -0.0105843 0.000272958 0.0133191 0.999855
-0.00331643 0.0180795 -0.0731995 -0.0105976 0.000244141 0.0133286 0.999855
-0.0039071 0.0195707 -0.0694342 -0.0105822 0.000244141 0.0133498 0.999855
-0.0059937 0.018782 -0.0672073 -0.0105511 0.000211432 0.0133079 0.999856
-0.0105467 0.00944158 -0.0845954 -0.0105504 0.000244141 0.0134044 0.999854
-0.0063974 0.0162698 -0.0730247 -0.0105829 0.000244141 0.0133364 0.999855
-0.00217256 0.0143314 -0.0718868 -0.010554 0.000244141 0.0133085 0.999856
0.00306972 0.0139194 -0.0673612 -0.0105744 0.000272958 0.0133213 0.999855
0.00134991 0.0135036 -0.066135 -0.0105561 0.000211432 0.0133045 0.999856
0.0141297 0.0212782 -0.0539023 -0.0106047 0.00029901 0.0133364 0.999855
0.0109441 0.0203526 -0.0536194 -0.0105878 0.000244141 0.0133565 0.999855
0.0060393 0.0159868 -0.053928 -0.0105589 0.000211432 0.0133392 0.999855
-0.00110974 0.015571 -0.0551214 -0.0105793 0.000172633 0.0133297 0.999855
-0.00229188 0.0135123 -0.0553083 -0.0105983 0.000211432 0.0133927 0.999854
0.000605094 0.0179622 -0.0526668 -0.0105941 0.000244141 0.0133588 0.999855
0.00598069 0.0233838 -0.0450472 -0.0106124 0.000272958 0.0133415 0.999855
0.00573233 0.0244071 -0.0506905 -0.0106117 0.000272958 0.0133493 0.999855
0.000952131 0.0217633 -0.053455 -0.0105998 0.000244141 0.0133353 0.999855
0.00177494 0.0168312 -0.0570494 -0.0106005 0.000244141 0.0133509 0.999855
0.000688698 0.015627 -0.0553779 -0.010599 0.000211432 0.0134016 0.999854
-0.000444711 0.0157839 -0.0500306 -0.010599 0.000211432 0.0133805 0.999854
-0.00595572 0.0109619 -0.0508781 -0.0105723 0.000244141 0.0133364 0.999855
-0.00587223 0.0138953 -0.0468536 -0.0105843 0.000244141 0.013342 0.999855
-0.00466382 0.0144023 -0.0504771 -0.0105772 0.000272958 0.0133269 0.999855
0.00902314 0.00587847 -0.0551293 -0.0105751 0.000272958 0.0134183 0.999854
-0.00072665 0.00596649 -0.053359 -0.0105793 0.000244141 0.0133398 0.999855
-0.0106443 0.00673906 -0.0428268 -0.0105998 0.000211432 0.0134969 0.999853
-0.0137631 0.00683313 -0.0448221 -0.0105674 0.000211432 0.0133582 0.999855
-0.00795687 0.00824943 -0.0482732 -0.0105744 0.000322968 0.013337 0.999855
-0.0172095 0.00519635 -0.0536327 -0.0105716 0.000272958 0.0133627 0.999855
-0.016643 0.00680179 -0.0529499 -0.0105723 0.000272958 0.0133269 0.999855
-0.0195673 0.0039312 -0.05806 -0.0105575 0.000211432 0.0133515 0.999855
-0.0157398 0.0027972 -0.0582795 -0.0105511 0.000211432 0.013337 0.999855
-0.0176918 0.0002062 -0.0611967 -0.0105631 0.000244141 0.0133565 0.999855
-0.00675789 0.00471454 -0.0574814 -0.0105976 0.000322968 0.0134027 0.999854
-0.00854426 0.00376924 -0.0538774 -0.0105645 0.000272958 0.0133459 0.999855
-0.00213786 -0.00386127 -0.0589385 -0.0105596 0.000244141 0.0134022 0.999854
-0.0156706 -0.000727294 -0.0709087 -0.0105716 0.000272958 0.0133348 0.999855
-0.0135001 0.00424818 -0.0660078 -0.0105716 0.000272958 0.0133359 0.999855
0.000172225 0.00591138 -0.0646571 -0.0105899 0.000244141 0.0133866 0.999854
0.0334807 0.00493387 -0.0660674 -0.0105702 0.00029901 0.0133777 0.999855
0.0227099 0.00290465 -0.0693947 -0.010592 0.000244141 0.0133955 0.999854
0.0227459 0.00543153 -0.0756631 -0.0105667 0.000272958 0.0133437 0.999855
0.0201955 0.0101734 -0.0722643 -0.0105885 0.000244141 0.0133353 0.999855
0.0188104 0.0113376 -0.0704398 -0.010554 0.000244141 0.0133096 0.999856
0.0158116 0.013781 -0.0683386 -0.0105793 0.000244141 0.0133264 0.999855
0.0159383 0.0177457 -0.0689095 -0.0105723 0.000272958 0.0133403 0.999855
0.0233437 0.00887874 -0.0948894 -0.0105695 0.000272958 0.0133693 0.999855
0.021286 -0.00146934 -0.0900465 -0.0105624 0.00029901 0.0134488 0.999854
0.0172838 0.000222786 -0.0853919 -0.0105617 0.000244141 0.0133643 0.999855
0.0434615 -0.00148445 -0.0731272 -0.0105836 0.00029901 0.0133822 0.999854
0.034165 -0.00457292 -0.0775835 -0.0105822 0.00029901 0.0134521 0.999853
0.0300859 -0.000197611 -0.0777789 -0.0105547 0.000244141 0.013332 0.999855
0.023405 0.00590186 -0.0729868 -0.0105596 0.000244141 0.0133174 0.999856
0.0202539 0.00816881 -0.0731623 -0.0105596 0.000244141 0.0133185 0.999856
0.0209735 0.00806638 -0.0729302 -0.0105624 0.00029901 0.0133442 0.999855
0.0113146 0.00800625 -0.0746044 -0.0105603 0.000244141 0.0133185 0.999856
0.0109508 0.00758974 -0.0806108 -0.0105779 0.000244141 0.0133465 0.999855
0.00710803 0.00730392 -0.0800944 -0.0105596 0.000211432 0.0133303 0.999855
0.00695393 0.00777993 -0.0867571 -0.0105624 0.000272958 0.0133459 0.999855
0.0138267 -0.0023113 -0.100524 -0.010554 0.000244141 0.0133364 0.999855
0.0124495 0.00363664 -0.0904281 -0.0105547 0.000244141 0.013304 0.999856
0.0131055 0.00770305 -0.0788916 -0.0105716 0.000244141 0.0133454 0.999855
0.00807627 0.000820336 -0.0858059 -0.0105822 0.000211432 0.0134227 0.999854
0.0149372 0.00151877 -0.0827106 -0.0105653 0.000272958 0.0133927 0.999854
0.0136292 0.00417747 -0.0855899 -0.0105772 0.000272958 0.0133493 0.999855
0.00921763 -0.00299679 -0.0924279 -0.0105829 0.000244141 0.0133398 0.999855
0.00849904 -0.00732361 -0.0994085 -0.0105674 0.000244141 0.0133732 0.999855
0.00645195 -0.004738 -0.0961077 -0.0105497 0.000244141 0.0133565 0.999855
0.00356561 0.00190923 -0.0883814 -0.0105702 0.000272958 0.0133146 0.999855
0.00793119 -0.00166738 -0.094318 -0.0105638 0.000272958 0.013347 0.999855
0.0134286 -0.00234974 -0.102059 -0.0105737 0.00029901 0.0133688 0.999855
0.0118182 -0.000582164 -0.0915984 -0.0105547 0.000244141 0.0133141 0.999856
0.0122317 -0.000601201 -0.0909035 -0.010554 0.000322968 0.0133348 0.999855
0.00949075 0.000447602 -0.0902755 -0.0105695 0.000272958 0.0133381 0.999855
-0.00176663 0.00255787 -0.089056 -0.0105667 0.000244141 0.0133342 0.999855
0.00326556 0.00551379 -0.0824036 -0.0105751 0.000272958 0.0133359 0.999855
0.00358622 0.00666427 -0.0812715 -0.0105864 0.000272958 0.0133381 0.999855
0.0117356 -0.00705345 -0.0834521 -0.0105349 0.000244141 0.0133788 0.999855
0.0178876 -0.00764911 -0.0818736 -0.0105667 0.000272958 0.0134261 0.999854
0.0144521 -0.00148011 -0.0807523 -0.0105596 0.000244141 0.013323 0.999855
0.0277885 -0.016497 -0.100813 -0.010549 0.000244141 0.0133799 0.999855
0.0239411 -0.0126444 -0.0908937 -0.010561 0.000272958 0.0133548 0.999855
0.0126357 -0.0176164 -0.103721 -0.0105765 0.000272958 0.0133392 0.999855
0.0171603 -0.0295892 -0.119257 -0.0105377 0.000244141 0.0134077 0.999855
0.01563 -0.0277965 -0.121376 -0.0105617 0.00029901 0.0133431 0.999855
0.0150867 -0.0257536 -0.121381 -0.0105716 0.00029901 0.0133476 0.999855
0.013102 -0.0184555 -0.110712 -0.0105716 0.000244141 0.0133677 0.999855
0.0133888 -0.0116283 -0.103874 -0.0105998 0.000272958 0.0133705 0.999854
0.00963535 -0.014355 -0.119024 -0.0105554 0.000244141 0.0133297 0.999855
0.0106579 -0.0201076 -0.121529 -0.0105561 0.000244141 0.0134044 0.999854
0.0111492 -0.0171919 -0.118612 -0.0105779 0.000244141 0.013342 0.999855
0.0126645 -0.0183496 -0.118824 -0.0105533 0.000272958 0.0133771 0.999855
0.0117264 -0.0115369 -0.11253 -0.0105526 0.000244141 0.0133554 0.999855
0.013257 -0.00727689 -0.102217 -0.0105737 0.000244141 0.0133621 0.999855
0.00996202 -0.00191452 -0.0928497 -0.010566 0.000244141 0.0133398 0.999855
0.00438796 0.000787156 -0.0956784 -0.0105829 0.000244141 0.0133599 0.999855
0.000766025 0.00297677 -0.0934724 -0.010561 0.000244141 0.0133364 0.999855
0.00350419 0.00509713 -0.0921818 -0.0105723 0.00029901 0.0133331 0.999855
0.00399156 0.000385615 -0.0880688 -0.0105568 0.00029901 0.0133632 0.999855
0.00476006 0.00495054 -0.089385 -0.0105885 0.000244141 0.0133532 0.999855
0.00220189 0.00238318 -0.0921116 -0.0105631 0.000244141 0.0133454 0.999855
0.000755161 0.00676791 -0.0898534 -0.0105927 0.000211432 0.0133983 0.999854
-0.00197506 0.00503263 -0.0872249 -0.010561 0.000244141 0.0133521 0.999855
-0.00395349 0.00455284 -0.0853227 -0.0105617 0.000244141 0.0133554 0.999855
0.000461505 0.00689052 -0.0835241 -0.010561 0.000244141 0.0133375 0.999855
0.00278716 0.000898673 -0.0910372 -0.0105462 0.000272958 0.0133526 0.999855
0.00268885 0.000847882 -0.0934911 -0.010561 0.000211432 0.013347 0.999855
-0.00226871 0.00288639 -0.0951897 -0.0105702 0.000211432 0.0133593 0.999855
-0.00507282 -0.00683898 -0.0962107 -0.0105511 0.000244141 0.0134022 0.999855
0.0120234 -0.00982333 -0.106586 -0.010566 0.00029901 0.01341 0.999854
0.00688851 -0.00139591 -0.0951083 -0.0105801 0.000244141 0.0133185 0.999855
-0.00048259 -0.000829976 -0.104186 -0.0105716 0.000211432 0.013356 0.999855
0.00519814 -0.00448723 -0.0976528 -0.0105603 0.000244141 0.0133375 0.999855
0.000299591 -0.00365694 -0.0947514 -0.010566 0.000244141 0.0133509 0.999855
0.00308277 -0.0108201 -0.105655 -0.010585 0.000272958 0.0134172 0.999854
-0.00359577 -0.013762 -0.109383 -0.010561 0.000244141 0.0133677 0.999855
-0.00742097 -0.010348 -0.107109 -0.010554 0.000244141 0.0133431 0.999855
-0.0058369 -0.0115126 -0.111527 -0.0105391 0.000244141 0.0133509 0.999855
-0.00242416 -0.0119794 -0.112155 -0.0105497 0.000244141 0.0133331 0.999855
-0.00406068 -0.00749163 -0.108598 -0.0105709 0.000211432 0.0133448 0.999855
-0.00761524 -0.00345779 -0.111105 -0.0105969 0.000244141 0.01339 0.999854
-0.0063476 0.00222719 -0.100434 -0.0105815 0.000211432 0.0133682 0.999855
-0.00485481 0.00286012 -0.0997345 -0.0105603 0.000244141 0.0133431 0.999855
-0.00416313 -0.00324373 -0.108062 -0.0105547 0.000244141 0.0133744 0.999855
-0.00258645 0.00181741 -0.0949501 -0.0106012 0.00029901 0.0133442 0.999855
-0.00261635 0.00269017 -0.0923259 -0.0105695 0.000272958 0.0133292 0.999855
-0.00297321 0.000289971 -0.101488 -0.0105645 0.000244141 0.0133264 0.999855
-0.000238461 0.00315181 -0.0913545 -0.0105688 0.000272958 0.0133571 0.999855
0.00015723 0.00372668 -0.0953736 -0.0105885 0.000272958 0.0133916 0.999854
-2.75747e-05 0.00594529 -0.0981088 -0.0105941 0.000244141 0.013361 0.999855
0.00271014 0.00855115 -0.0952818 -0.0105603 0.000244141 0.0133342 0.999855
0.00218357 0.0111107 -0.0913341 -0.0105667 0.000272958 0.0133348 0.999855
0.00386733 0.0116714 -0.0903539 -0.0105603 0.000272958 0.0133247 0.999855
0.00694751 0.0110987 -0.0876304 -0.0105667 0.000272958 0.0133426 0.999855
0.00471119 0.00882238 -0.0916217 -0.0105716 0.000244141 0.01339 0.999854
0.00539909 0.00617275 -0.0898172 -0.010573 0.000272958 0.0133403 0.999855
0.00933796 0.00562526 -0.0896872 -0.010561 0.000272958 0.0133615 0.999855
0.00496525 0.00533271 -0.0887959 -0.0105653 0.000211432 0.0133459 0.999855
-0.00154938 -0.00636171 -0.0999164 -0.0105384 0.000211432 0.0133961 0.999855
0.00537644 0.00101058 -0.0967733 -0.0105779 0.000244141 0.0133208 0.999855
0.00469034 -0.0129376 -0.102988 -0.0105709 0.000244141 0.0133398 0.999855
0.00267914 -0.0147321 -0.106577 -0.0105653 0.000211432 0.0133927 0.999854
-0.00336576 -0.0105061 -0.105276 -0.0105603 0.000244141 0.0133264 0.999855
-0.00283412 -0.00770029 -0.107784 -0.010554 0.000244141 0.0133353 0.999855
-0.00752719 -0.00366311 -0.104289 -0.0106005 0.000272958 0.0133771 0.999854
-0.0104491 0.00143186 -0.0980343 -0.0105836 0.000244141 0.0133509 0.999855
-0.0106202 -0.00991772 -0.116652 -0.0105377 0.000244141 0.0133933 0.999855
-0.0103412 0.000955653 -0.108247 -0.0105793 0.000244141 0.0133398 0.999855
-0.0141573 -0.00316683 -0.10729 -0.0105822 0.000244141 0.0133543 0.999855
-0.0114599 -0.0115827 -0.106426 -0.0105589 0.000211432 0.0133805 0.999855
-0.0124632 -0.00597297 -0.105119 -0.0105667 0.000244141 0.013361 0.999855
-0.00911407 -0.00325951 -0.107313 -0.0105941 0.000244141 0.0133409 0.999855
-0.00729944 0.00164152 -0.105156 -0.0105702 0.000272958 0.013328 0.999855
-0.0055733 -0.00848556 -0.112553 -0.0105603 0.000244141 0.0134044 0.999854
-0.0056456 -0.00560025 -0.107835 -0.0105793 0.000244141 0.0133308 0.999855
-0.0176545 -0.0119076 -0.11115 -0.0105638 0.000244141 0.0133777 0.999855
-0.0154528 -0.0121528 -0.119932 -0.0105716 0.000244141 0.0134033 0.999854
-0.0153593 -0.00610456 -0.112051 -0.0105716 0.000244141 0.0133498 0.999855
-0.011693 8.01253e-05 -0.100924 -0.0105829 0.000244141 0.0133521 0.999855
-0.00673 0.00297232 -0.0976605 -0.0105603 0.000272958 0.0133314 0.999855
-0.00767756 0.00745913 -0.0893967 -0.0105829 0.000244141 0.0133208 0.999855
-0.00931158 0.00612904 -0.0920652 -0.0105582 0.000244141 0.0133643 0.999855
-0.00557729 0.00885981 -0.0858003 -0.0106047 0.00029901 0.0133588 0.999855
-0.0110043 0.0102077 -0.0856059 -0.0105765 0.000244141 0.0133755 0.999855
-0.00907491 0.0150588 -0.0792862 -0.0105878 0.000244141 0.0133252 0.999855
-0.00654573 0.00891119 -0.10128 -0.0106089 0.000244141 0.0134577 0.999853
-0.0072255 0.012136 -0.0965063 -0.0105885 0.000244141 0.0133454 0.999855
-0.0106884 0.00117274 -0.109049 -0.0105645 0.000211432 0.0134016 0.999854
-0.0090253 0.00444559 -0.0994206 -0.0105808 0.000244141 0.0133465 0.999855
-0.00659022 0.00691376 -0.0960653 -0.0105695 0.000272958 0.0133157 0.999855
-0.00635596 0.00698175 -0.100778 -0.0105681 0.000244141 0.0133487 0.999855
-0.00773728 0.00861478 -0.102278 -0.0105934 0.000244141 0.013361 0.999855
-0.00947418 0.00804554 -0.104887 -0.010561 0.000244141 0.0133431 0.999855
-0.00706063 0.01111 -0.108356 -0.0106005 0.000272958 0.0133582 0.999855
-0.00530691 0.00169638 -0.113531 -0.0105702 0.00029901 0.0133375 0.999855
-0.005972 0.00501978 -0.11628 -0.0105765 0.000172633 0.0133877 0.999854
0.00287126 -0.00233012 -0.119894 -0.0105603 0.00029901 0.01341 0.999854
0.00316093 0.00080659 -0.115532 -0.010604 0.000244141 0.0133576 0.999855
0.00220753 0.00672542 -0.109544 -0.0105998 0.000244141 0.0133487 0.999855
-0.0049964 0.00598117 -0.103713 -0.0105702 0.00029901 0.0133353 0.999855
-0.00847042 0.00122071 -0.104133 -0.0105681 0.000272958 0.0134039 0.999854
-0.00822605 -0.000659227 -0.11279 -0.0105801 0.000272958 0.0133437 0.999855
-0.00720578 -0.000797196 -0.108398 -0.010573 0.000272958 0.0133515 0.999855
-0.00744039 -0.00879722 -0.122478 -0.0105476 0.000244141 0.0133576 0.999855
-0.0118511 -0.00699754 -0.114925 -0.0105885 0.000272958 0.0133493 0.999855
-0.00604903 0.00608434 -0.100766 -0.010604 0.00029901 0.0133398 0.999855
-0.00859212 0.0082101 -0.0966284 -0.0105934 0.00029901 0.0133677 0.999855
-0.00741222 0.0137409 -0.094341 -0.0105899 0.000244141 0.0133241 0.999855
-0.0077186 0.0165547 -0.0947769 -0.0105998 0.000272958 0.0133493 0.999855
-0.0138604 0.0155256 -0.088547 -0.0106019 0.000272958 0.013337 0.999855
-0.00893 0.014246 -0.0970243 -0.0105941 0.000244141 0.0133241 0.999855
-0.00885617 0.0148912 -0.0999361 -0.0106089 0.000272958 0.0133448 0.999855
-0.0216618 0.0160574 -0.0848085 -0.0106628 0.000272958 0.0134494 0.999853
-0.0101387 0.0173162 -0.0800142 -0.0106019 0.000272958 0.013328 0.999855
-0.0111843 0.0156055 -0.0907894 -0.0105836 0.000244141 0.0133275 0.999855
-0.00973655 0.0158442 -0.0881013 -0.0105885 0.000272958 0.0133403 0.999855
-0.0113228 0.00758255 -0.102456 -0.010561 0.000244141 0.0133409 0.999855
-0.0113255 0.00534743 -0.0965974 -0.0105751 0.000272958 0.0133671 0.999855
-0.00490833 0.0117663 -0.0945569 -0.0106271 0.000244141 0.0133543 0.999854
-0.00826445 0.00980112 -0.097654 -0.0105998 0.000244141 0.0133442 0.999855
-0.00593008 0.0129095 -0.0929349 -0.0105843 0.000244141 0.0133331 0.999855
-0.00621686 0.0130839 -0.0893682 -0.0106019 0.000244141 0.0133755 0.999854
-0.0045404 0.0147302 -0.0893613 -0.0105885 0.000244141 0.0133543 0.999855
-0.00686986 0.0147781 -0.0905917 -0.0105927 0.000244141 0.0133308 0.999855
-0.00805879 0.0160731 -0.0903235 -0.0106012 0.000272958 0.0133515 0.999855
-0.00586845 0.0176638 -0.0897456 -0.0106096 0.000244141 0.0133398 0.999855
0.00219707 0.0182005 -0.0917941 -0.0105829 0.000272958 0.0133202 0.999855
0.0032041 0.0205118 -0.0897353 -0.0105948 0.000244141 0.013332 0.999855
-0.00053627 0.0156556 -0.0969384 -0.0105631 0.000211432 0.0133292 0.999855
-0.00019165 0.0146454 -0.0964214 -0.0105998 0.000244141 0.013323 0.999855
-0.00547327 0.00977734 -0.0996151 -0.0105779 0.000244141 0.0133275 0.999855
-0.00313773 0.0107911 -0.094453 -0.0105772 0.000272958 0.0133068 0.999855
-0.00507427 0.0128426 -0.093787 -0.0106047 0.000244141 0.0133521 0.999855
-0.00328827 0.0126812 -0.0888353 -0.0106075 0.000244141 0.0133398 0.999855
-0.00229059 0.0113612 -0.0957382 -0.0105836 0.000244141 0.0133197 0.999855
-0.0014909 0.0105057 -0.0972539 -0.0105892 0.000244141 0.0133208 0.999855
-0.00190685 0.00883793 -0.100396 -0.0105829 0.000244141 0.0133297 0.999855
0.00217189 0.00985432 -0.0979959 -0.0105927 0.00029901 0.0133442 0.999855
0.0037032 0.0107559 -0.0952585 -0.0105723 0.000272958 0.0133146 0.999855
0.0068735 0.00657633 -0.109426 -0.0105892 0.000244141 0.0133375 0.999855
0.00762347 0.0117231 -0.10212 -0.0106054 0.000244141 0.0133208 0.999855
0.0061966 0.0125478 -0.0991376 -0.0105885 0.000244141 0.0133163 0.999855
0.00601657 0.012586 -0.0971551 -0.0105815 0.000244141 0.0133085 0.999855
0.00445682 0.0122215 -0.103225 -0.0106033 0.000244141 0.0133286 0.999855
0.00456474 0.0125929 -0.0995499 -0.0105723 0.000272958 0.0133023 0.999856
-0.0036396 0.0106582 -0.1029 -0.0105695 0.000244141 0.0133152 0.999855
-0.00832156 0.00861568 -0.106511 -0.010566 0.000244141 0.0132995 0.999856
-0.0243487 0.00439414 -0.124852 -0.0105779 0.000244141 0.0133107 0.999855
-0.0258884 0.00294282 -0.125012 -0.0105681 0.000244141 0.0133085 0.999856
-0.02905 0.000207688 -0.127198 -0.0105582 0.000244141 0.0133062 0.999856
-0.0383495 -0.00530871 -0.142262 -0.0105434 0.000211432 0.0132933 0.999856
-0.0451068 -0.00933208 -0.148343 -0.0105483 0.000211432 0.0133012 0.999856
-0.0510386 -0.0144649 -0.154383 -0.0105377 0.000211432 0.0132978 0.999856
-0.0618198 -0.0158156 -0.166889 -0.0105511 0.000211432 0.0133124 0.999856
-0.0575474 -0.0131782 -0.162163 -0.0105709 0.000244141 0.0133073 0.999856
-0.0545952 -0.0120376 -0.158755 -0.0105653 0.000211432 0.0132945 0.999856
-0.0490371 -0.00906975 -0.154464 -0.0105723 0.000211432 0.0133023 0.999856
-0.0378909 -0.00546082 -0.143076 -0.0105829 0.000244141 0.0132737 0.999856
-0.0375792 -0.00301936 -0.134583 -0.0105765 0.000244141 0.0133096 0.999855
-0.0351364 0.00244438 -0.116684 -0.0105822 0.000211432 0.0132933 0.999856
-0.025718 0.00172501 -0.104159 -0.0105695 0.000211432 0.013309 0.999856
-0.0259879 0.00217251 -0.0990814 -0.010566 0.000211432 0.0132989 0.999856
-0.0236107 0.00504963 -0.0983634 -0.010585 0.000211432 0.0133012 0.999856
-0.0239613 0.00513801 -0.0982721 -0.0105702 0.000211432 0.0133191 0.999855
-0.0213115 0.00462254 -0.0990185 -0.0105871 0.000211432 0.0133045 0.999855
-0.0197884 0.00579021 -0.100411 -0.0105934 0.000244141 0.0133141 0.999855
-0.0147094 0.00758735 -0.100775 -0.0106061 0.000272958 0.0133202 0.999855
-0.0124241 0.00693638 -0.101145 -0.0106019 0.000244141 0.0133085 0.999855
-0.0097112 0.00857934 -0.10174 -0.0106166 0.000272958 0.013318 0.999855
-0.0101712 0.00764488 -0.102948 -0.0106215 0.000244141 0.0133353 0.999855
-0.0076734 0.00878574 -0.101269 -0.0106131 0.000272958 0.0133146 0.999855
-0.00782513 0.00830177 -0.104823 -0.0106124 0.000244141 0.0133286 0.999855
0.00534755 0.00955748 -0.106884 -0.0106117 0.000272958 0.0133079 0.999855
0.0075532 0.0107889 -0.11355 -0.0106278 0.000272958 0.0133213 0.999855
0.00388907 0.0117637 -0.106892 -0.0106264 0.000244141 0.013304 0.999855
0.00721035 0.0132254 -0.109376 -0.0106208 0.000272958 0.0133325 0.999855
0.0019053 0.000570745 -0.124171 -0.0106222 0.000272958 0.0133213 0.999855
0.000418288 0.000561973 -0.121312 -0.0106271 0.000244141 0.0133129 0.999855
-0.002861 0.0012209 -0.118299 -0.0106159 0.000211432 0.0133314 0.999855
-0.0106937 0.00435626 -0.118579 -0.0106488 0.000211432 0.0133571 0.999854
-0.00613209 0.00264053 -0.116736 -0.0106306 0.000244141 0.0133721 0.999854
-0.00825987 0.00119202 -0.131639 -0.010611 0.000244141 0.0133375 0.999855
-0.00949269 0.000101204 -0.137614 -0.010611 0.000244141 0.0133375 0.999855
-0.010495 -0.000791129 -0.142417 -0.010611 0.000244141 0.0133375 0.999855
-0.0113163 -0.00152228 -0.14635 -0.010611 0.000244141 0.0133375 0.999855
-0.0119891 -0.00212139 -0.149574 -0.010611 0.000244141 0.0133375 0.999855
-0.0125405 -0.0026123 -0.152215 -0.010611 0.000244141 0.0133375 0.999855
-0.0129923 -0.00301455 -0.154379 -0.010611 0.000244141 0.0133375 0.999855
-0.0133625 -0.00334415 -0.156152 -0.010611 0.000244141 0.0133375 0.999855
-0.0136659 -0.00361423 -0.157605 -0.010611 0.000244141 0.0133375 0.999855
-0.0139144 -0.00383553 -0.158796 -0.010611 0.000244141 0.0133375 0.999855
-0.0141181 -0.00401686 -0.159771 -0.010611 0.000244141 0.0133375 0.999855
-0.014285 -0.00416545 -0.16057 -0.010611 0.000244141 0.0133375 0.999855
-0.0144217 -0.0042872 -0.161225 -0.010611 0.000244141 0.0133375 0.999855
-0.0145338 -0.00438696 -0.161762 -0.010611 0.000244141 0.0133375 0.999855
-0.0146256 -0.00446871 -0.162202 -0.010611 0.000244141 0.0133375 0.999855
-0.0147008 -0.00453569 -0.162562 -0.010611 0.000244141 0.0133375 0.999855
-0.0147624 -0.00459057 -0.162858 -0.010611 0.000244141 0.0133375 0.999855
-0.014813 -0.00463554 -0.1631 -0.010611 0.000244141 0.0133375 0.999855
-0.0148544 -0.0046724 -0.163298 -0.010611 0.000244141 0.0133375 0.999855
-0.0148883 -0.00470259 -0.16346 -0.010611 0.000244141 0.0133375 0.999855
-0.0149161 -0.00472733 -0.163593 -0.010611 0.000244141 0.0133375 0.999855
-0.0149388 -0.00474761 -0.163702 -0.010611 0.000244141 0.0133375 0.999855
-0.0149575 -0.00476422 -0.163792 -0.010611 0.000244141 0.0133375 0.999855
-0.0149728 -0.00477783 -0.163865 -0.010611 0.000244141 0.0133375 0.999855
-0.0149853 -0.00478899 -0.163925 -0.010611 0.000244141 0.0133375 0.999855
-0.0149956 -0.00479812 -0.163974 -0.010611 0.000244141 0.0133375 0.999855
-0.015004 -0.00480561 -0.164015 -0.010611 0.000244141 0.0133375 0.999855
-0.0150109 -0.00481175 -0.164048 -0.010611 0.000244141 0.0133375 0.999855
-0.0150165 -0.00481678 -0.164075 -0.010611 0.000244141 0.0133375 0.999855
-0.0150211 -0.0048209 -0.164097 -0.010611 0.000244141 0.0133375 0.999855
-0.0150249 -0.00482427 -0.164115 -0.010611 0.000244141 0.0133375 0.999855
-0.015028 -0.00482704 -0.16413 -0.010611 0.000244141 0.0133375 0.999855
-0.0150306 -0.00482931 -0.164142 -0.010611 0.000244141 0.0133375 0.999855
-0.0150327 -0.00483116 -0.164152 -0.010611 0.000244141 0.0133375 0.999855
-0.0150344 -0.00483269 -0.16416 -0.010611 0.000244141 0.0133375 0.999855
-0.00771561 8.64786e-05 -0.138376 -0.0105575 0.000345267 0.0132849 0.999856
-0.00243721 0.00477128 -0.122497 -0.0105568 0.000322968 0.0132832 0.999856
0.00205777 0.00806961 -0.113118 -0.0105469 0.000244141 0.0132793 0.999856
0.00256634 0.00903923 -0.105865 -0.0105434 0.000272958 0.0132776 0.999856
0.00350367 0.00924327 -0.103809 -0.0105384 0.000244141 0.013276 0.999856
0.00272062 0.0089698 -0.105639 -0.0105214 0.000211432 0.0132709 0.999857
3.67243e-05 0.00639839 -0.109241 -0.0105214 0.000244141 0.0132715 0.999857
-0.0100094 0.00237293 -0.118697 -0.010503 0.000244141 0.0132737 0.999857
-0.0130672 0.0011745 -0.122154 -0.0105271 0.000244141 0.0132703 0.999856
-0.0150315 0.00127292 -0.121414 -0.0105179 0.000244141 0.0132692 0.999857
-0.0172459 0.00116827 -0.122373 -0.0105144 0.000244141 0.0132557 0.999857
-0.0256739 -0.00593019 -0.137079 -0.0105165 0.000244141 0.0132479 0.999857
-0.0265371 -0.0027327 -0.137365 -0.0105158 0.000244141 0.0132715 0.999857
-0.0268969 -0.00322935 -0.138155 -0.010525 0.000244141 0.0132636 0.999857
-0.0249859 -0.000568334 -0.134771 -0.0105264 0.000211432 0.0132754 0.999856
nan nan nan 0 0 0 0
